-15796
43612
86887
-57269
38047
94515
28518
-57441
-81972
71126
38584
-9340
35920
-64926
45702
34084
28790
24680
44580
7658
43079
-85204
-32735
-68177
-24341
61569
-61282
49616
64843
83711
22536
76136
27322
9423
45956
-34632
3937
-98438
-64984
-50946
72689
689
-33197
8608
35764
-87495
69781
-35447
-35726
14360
-700
-92648
29156
-6345
66265
-95186
82313
-95018
-18481
-25755
88693
-95945
77470
-56897
-59433
23426
-64439
-28407
24988
-29423
20647
-75235
71267
14539
-39538
7030
27044
-69758
-1328
91319
44603
25062
25760
-99153
45806
-7975
32752
28118
-75904
-85730
29452
-87211
45415
6922
-44108
13071
57437
-81458
84664
-90487
-10880
-67601
-65721
87476
46939
-5259
-78406
-98929
-47927
-52645
19479
23765
72417
-54761
24612
-54689
-35647
-42637
73430
-84462
-28366
-70030
-71673
44138
36892
-88691
84299
-5672
-70149
68962
3842
-53940
-98639
-34790
60625
-24611
-12960
82219
-23540
39113
-70426
23029
-37123
29080
-4643
87490
74392
-13201
71942
47821
2337
70665
77791
-42246
14803
-58228
-30937
-899
-36811
-73997
95152
67031
99154
23602
59330
59778
98991
-53630
41997
-97460
12572
-1340
-47342
2539
-72261
48015
-82883
-97870
-65187
89059
-22960
-35761
59724
81921
21993
-98385
-76308
18145
-72195
-13119
44149
-77044
81002
-29609
-26352
-32580
-69832
-27362
-59121
-746
-97733
-19459
25003
-45075
83080
52743
-97061
27286
54873
64842
-56567
59003
-70919
30246
40923
51074
-41050
-8296
-30781
-13245
5674
40457
-63199
-86236
-89153
10449
-18815
68105
10176
22064
94449
12444
-97396
19451
-5542
12773
-27807
-75513
67148
54156
89329
-89419
-59753
45499
40827
8259
-3427
99778
99963
-7119
-86379
-67275
-66663
77512
-53510
71274
-12040
-45236
-33533
25226
3917
-39085
64759
-66389
7456
-40784
46384
6738
-16297
-59379
87983
-99879
-48798
-71771
45620
19118
36488
69282
-54016
-36461
-37838
86696
-3735
-77412
64207
-30156
20951
79257
24608
87419
4482
-71476
75423
96330
-37865
-90033
82635
35609
16706
93428
3319
4688
93549
-18390
32918
-33743
-99273
96495
-64461
73802
-39966
-75210
60497
56299
74469
24703
-73858
-77492
-68952
-22161
-90074
-37381
6363
12439
-41052
-4412
22406
-58417
58286
66201
-64990
-38396
-29111
55648
43214
30896
48994
-28970
27390
11622
-55169
87424
36413
32417
-29189
-62030
84210
-75958
-39522
-84743
1881
97495
-95034
35334
-62978
-36086
58011
-13483
-67414
16296
-47282
94686
4989
-49304
-22578
75292
81592
-73584
73411
8981
38038
45332
-76506
-98461
-22252
-78606
-60491
89047
-54563
-72923
31394
-25593
-75429
36360
-90260
-38407
-99727
-5160
48110
59950
-88865
27917
54635
-56787
78613
-67943
45594
60204
-41527
19005
96275
23600
-35664
46858
25140
42084
68252
64649
-41780
-86312
18815
89614
-11904
43386
25973
-75075
-95022
-46665
19766
-19822
-86716
-42010
-91906
-4991
-71707
86708
27066
73887
-26000
12628
-80020
-29726
-63773
-15684
-82869
-11544
53490
12473
80195
-88291
26161
-991
-98678
41346
-57605
-45616
-6639
74463
7719
40216
81730
21004
98206
89825
-83988
53588
3621
-29833
-45436
77621
9884
-25456
74985
46111
58861
92116
-65433
12350
-68323
41851
-48852
57839
-59141
79560
-73727
-16746
-66057
-53277
84807
41662
86939
66536
89755
12234
-16551
32856
-34179
87070
-96978
20385
-8220
12906
22019
-33236
86107
-19121
85969
47763
20318
-82354
-10387
71466
2574
-42439
-21886
-44064
40816
12057
2660
-47289
80808
-83313
46336
70563
28921
-70215
3418
21832
43944
-66470
69306
-64277
-26475
-8676
-70424
-40369
-708
42635
34483
-80391
-12630
51185
18164
17033
-91254
96278
72969
-23349
-64577
-97283
29362
-83769
-80595
-24303
13883
-24585
5482
-82700
24336
76516
77920
-79269
39328
-48555
-60856
-4006
-61835
38437
-61372
72649
-14865
-46913
23833
-96701
70120
32579
26666
-29823
-90771
-10821
-27105
-34320
5410
-80611
41378
-80708
-78107
73949
63682
46230
50464
41602
-5950
-83119
20136
33194
12875
58301
-28370
-21408
30949
-16145
31679
81872
-12846
1798
-58461
40909
71975
-49231
-69913
71959
-56462
-37414
18437
84916
-91033
40331
-14046
72650
-86351
63507
-58660
7699
80388
61476
67982
-79649
19776
-60388
-1057
77815
-49444
-69379
59686
37710
-40492
28314
-94293
58573
79083
62885
-42380
49711
-74530
76058
34626
61528
16388
47669
34177
30037
11176
75517
64825
-81348
36992
32806
-60996
83857
-493
37947
61671
50063
-4342
-51555
-85139
-17745
76760
47659
67917
-17069
10543
-74463
-67359
-36898
28684
-5643
-75371
-54929
-57975
-14105
2197
-19710
-38589
94111
-1057
25492
-45995
-34964
-63562
53513
-97018
25198
-69336
-74271
733
72616
-64926
-22508
20274
30080
-12488
57906
-17294
-52757
-78993
-88611
-31311
72727
83550
-62197
-41379
-87165
18094
-52878
-93055
44126
-297
88041
-90839
-36770
-31358
39233
88429
-694
64963
-10839
99011
27126
-6258
19284
-42795
8343
-22811
39912
55586
-74714
51301
-75726
25102
-38060
-37922
10812
-25225
7261
-14977
-91190
-48614
11816
96851
-39453
75046
-34508
99780
-9437
-8113
-8169
79724
-9102
-81044
-99446
-89819
-96749
8898
-85540
-29748
-35517
66836
48642
-84153
-80974
-89419
-94986
29838
-14643
12275
41951
-78744
63661
-46234
-81894
51297
-71189
-16402
51076
19375
75485
69997
-73813
93472
16042
-73258
-96347
19293
35640
45203
89545
27212
-60873
38187
-29852
-41847
-24143
-24838
15080
-11697
14526
-42970
9559
-94725
-62115
27665
56572
93787
38352
-65263
13161
-59074
-95267
-33563
-65603
20775
-79732
65140
67158
55908
10342
56702
-89791
-23442
-78023
-19643
34711
-2165
-17391
-50209
86138
97135
-66090
-77214
29500
-28204
-22460
-13929
-34418
-84108
-52103
5832
83908
-47370
-642
-81696
495
19627
10534
-32348
-97377
47965
51443
-87168
-75477
73421
-79721
-13677
98345
-70023
-36797
11571
54201
-2886
34357
-16300
-4001
-88103
-3139
61581
54879
44758
94502
38786
24478
-6141
-15821
-75028
-86515
21802
-80287
43199
-30233
71156
56031
-78621
-28335
3399
7702
-29991
-39535
70906
8670
-85334
95109
70116
-1634
-8893
9102
95227
79777
-36020
-32926
74278
29855
91552
95226
41124
43613
35801
-37075
63326
-21001
-40219
34481
62119
-18840
-93854
-34482
15952
-96756
25983
-86054
11914
-32262
-90946
-17970
66105
-72750
18221
-11580
-92974
82202
55494
8393
-60855
-25866
3618
7358
-82254
-60582
-2627
81072
18417
57154
-57358
-19464
65404
-51212
-26857
-91556
79122
26215
-77610
-8964
93954
-68556
155
-12853
-41306
-81625
2656
92810
27666
85240
1202
-6099
-40627
-95181
-98742
-95791
71328
-1369
85281
-83167
82875
-72078
-75542
-24633
-96201
-2399
-89100
82922
50906
-66710
-98954
-28052
91824
-71710
-13816
77607
73755
88840
-2495
1421
74079
98707
22411
60542
30615
23669
64751
-70969
49390
-22880
-54135
-40647
-67868
-29677
-38191
-64069
-4986
-27291
45942
73009
5999
46988
-55044
-75089
2367
31140
29607
-23878
-52932
-72889
4632
48237
-74183
-72958
-64133
-16479
50711
-99383
12553
-72811
-95174
58418
-13458
-63042
55830
-24560
99980
-49157
48149
45921
-76149
81237
-80002
95897
-93853
22365
-45875
35754
98487
1194
62865
3118
76520
15771
30160
-87614
99293
-92040
40093
-61066
62239
44919
97352
75871
81878
-19730
-48690
81857
31114
99460
-45134
-17946
80696
-25136
-22049
86844
97230
32076
-50314
95716
60359
39641
-74077
36878
82501
56083
-23647
81793
-8868
-83555
47816
-46629
61365
-27744
-70759
-29669
52527
-19449
-47813
-16360
-19990
7053
-7217
87796
81918
70734
74639
6236
-70101
51414
-70960
17347
-8946
-45037
81315
-26445
38136
-42333
82437
-70733
-98798
30253
-17362
62567
-97492
-61032
-67103
-17876
19520
-87827
65764
26619
-53685
85637
14414
55322
-16541
-83859
-38443
13358
67556
-9402
57795
85699
-27350
-33802
86343
-89215
23865
68780
-59947
-47844
-73879
-50220
-85278
55719
-11251
74709
-62157
35358
86882
30696
89066
-66803
16332
3480
88519
99792
-53290
77166
-59762
-85735
94853
25122
27054
-32498
91320
13396
-21712
-57726
-90736
-54570
-5570
-64615
-77701
-63758
18194
-61863
38040
56037
73495
24922
-86179
62561
-14792
-42757
93130
-99185
84124
-60161
5070
51451
81195
-78
-23427
8248
67425
94982
-78357
72802
64345
-69092
45321
85865
93383
67620
-77894
11576
-94243
60146
94702
6341
-87844
35613
95991
-75547
92856
16209
-74731
4068
56049
-42572
-44482
-35668
57351
-40820
72580
-48136
81252
21312
51755
45596
-20691
-2925
31460
99782
91784
-19345
-61554
24630
67891
60238
-69029
80047
-4150
54051
31590
-84206
-29740
-16052
-53049
53398
41376
2469
-82271
-1274
-11261
17398
-22321
-30010
65799
-70567
42675
-54892
-46403
-98776
-55111
-54619
-91032
-89576
70011
76859
70662
28071
-16005
93601
-90789
-84416
-90606
-20529
-468
-43655
59958
-59093
-14096
4776
-33277
1732
-77827
44402
-1189
15061
925
68575
60169
54522
69799
32147
99903
78768
42572
-2997
55626
-59678
52163
66710
-66077
61374
82294
70407
67934
-18175
53842
-45020
-50178
-60255
59756
-56366
-31434
9018
15125
67377
-75921
-83951
35951
11337
70572
-67161
70574
-2437
-88394
-59766
21655
-5679
-19444
-26182
-38969
14479
62281
70414
-88025
-42696
79329
65817
12284
-70850
32651
-27960
-27216
-98784
8147
87909
68593
32226
31048
-68368
70653
-71292
-35529
41226
26271
-96834
81460
75016
-2512
89105
-51167
-14392
-69327
38203
-43979
-57352
95507
-64651
-91536
7791
91589
41115
6920
91462
-30580
-84934
6460
-61988
-25618
-62493
96734
-54966
-33785
-38795
13349
19575
-35629
-5192
-5410
-11052
-88999
-29488
74556
-58326
-91285
57667
-15678
31311
20105
-80125
-60899
11694
-11921
46021
-69756
57499
-11823
36704
22600
62559
1300
19334
-92408
-5396
7628
20941
41269
71999
42838
-64142
88037
53839
-66540
-10319
95514
-57825
-52653
-93076
73486
-5458
53890
39677
-93765
69058
-87214
63569
26557
963
-72638
76246
-36479
-44249
-4421
-28887
50356
-96794
19143
-8376
2295
-38020
-45429
-9669
42909
-11969
80012
-34489
-42705
54449
99525
57871
-51010
53414
-2453
82315
22472
10333
45883
76118
-88704
334
52363
-98094
56086
75032
-99891
-66470
78238
19252
25154
-19468
8322
6814
-2048
78320
94846
-22036
-56170
79230
-67588
-56646
37100
-91509
23858
61736
90806
73419
-27931
36688
49536
-89546
-62978
-71013
-87640
20197
-95982
39559
53727
82257
-41189
-94031
89878
-5778
12783
-12170
-27459
-65283
-7117
16371
-86053
-47616
-13186
51047
-39125
-89329
12783
-48320
11179
11941
15457
-39286
-50516
-20432
-83209
88934
99765
-79191
28493
53491
30155
14393
59460
-52878
-91386
99333
-37959
-18845
-65951
54924
24615
-52004
34397
38518
26133
95272
49190
66005
74041
-39632
-22055
-83414
-51828
-45482
-3845
-35037
-56549
-76992
-87139
-967
76500
43017
-86575
-36952
17228
-77961
-37620
79269
-69717
-76481
34192
-18013
98605
95678
-79495
24737
18038
-3216
-82170
-7922
-15759
-77136
8664
-40498
-22618
31908
-48446
20834
54917
-35584
-80134
31416
34522
60382
21553
-48251
82421
11023
-68983
39794
-38369
-7702
48870
-39765
-84936
69375
12062
33102
93248
29892
-74821
-22511
52757
-39068
36991
57228
92841
15635
-94850
47757
80051
52107
-93739
-58339
12488
-45097
-79501
-78003
65926
78606
61791
-72444
-29097
-62250
-85119
-86944
-92876
26943
46158
27462
83924
71337
-95050
36680
59358
-30970
-6092
52198
84665
-942
-46
-8196
78254
-66696
33465
-9259
-11792
-18947
12739
81223
-40342
-98382
-91221
-42350
-60632
50750
-29294
73583
-22308
-83137
1044
-38385
15289
-66917
25385
-25353
-70798
46382
53934
-86133
72529
80978
-67240
50783
-85719
-6685
-58477
2489
74368
-18649
-89199
-65974
-17030
-80420
-8324
-50573
-2581
-10528
50099
75111
6335
78232
63815
-78376
-88686
-83712
-76640
-59483
-10241
77294
81474
-37712
-14640
-85767
40160
-358
-65363
8772
29220
-90995
90124
40021
70121
-99818
-13310
-38204
-50391
84109
51268
26798
-13692
84693
5029
77213
33406
16344
93501
-16145
-16050
-16740
-38852
-34577
-27363
46509
-93255
-87204
73240
-58617
21568
-70452
77478
11691
69570
47598
-61038
83349
36483
-84339
67458
-85160
42459
-46235
99533
-52513
58067
-39973
-9080
51568
43882
74870
61917
-94971
67382
-65447
-21373
1217
-52651
78956
42600
-3994
-91496
20077
34787
78074
94764
73749
61422
31246
16499
-44032
46086
-41043
-63177
-27293
-66466
94890
32734
24454
-26454
-23385
-73587
-64538
-91266
93795
97105
-85550
-4989
-55547
93407
64700
-32451
-98090
-88135
-97665
7073
-93372
3173
95584
37875
-80328
78642
-88951
-94282
-84536
-16243
-60748
37443
-83510
63707
-89011
-79805
90120
73541
-71071
11003
70646
-56621
33104
42188
-63215
-2197
-90264
65785
9669
39161
99947
-56614
69424
22620
81261
16185
1261
19400
21903
-56186
-96844
61156
81257
46736
-48049
19335
66931
69160
-7124
95860
-92749
-36479
66329
40355
-94292
30203
-61842
42535
-4012
-25084
-91216
-76977
18302
78208
45643
-73348
-5608
-53097
46052
43385
-82194
-23703
4540
26153
-76968
-16420
-54513
17053
-47261
-34548
-59999
87080
-43938
-93671
27435
88861
36533
-7318
31395
-67480
67598
40179
-44457
-87012
-54524
28276
-60360
-33043
75179
85692
-89659
20075
-38012
14881
-53773
-87890
25550
-8286
29163
5378
57167
69164
-7542
-86772
2583
-80108
-97912
-60885
12574
-39428
98725
-92740
27841
81357
-79752
73317
9632
-40111
67363
-88100
72670
77705
31975
61748
-80326
78202
73858
45225
97005
-69891
-49398
-18740
26362
-29851
-78422
-71056
-82870
50756
-31941
-43207
-88672
93873
-35947
-33742
75230
-88609
66664
-88050
98370
34026
-76150
71039
11730
-17086
32786
31405
88205
-66268
-96282
85210
90931
81410
-33531
17293
-48441
-11953
46237
-31311
65893
41386
25483
77221
35258
16625
70568
-62424
28016
37231
-50473
26385
-28744
-26623
-75487
10076
-16619
-15612
-58520
-28415
-54790
72288
-43206
-63860
53697
-49647
53433
-94745
-34511
-73241
-98966
-68619
68145
-46394
-91399
-69509
-2680
6258
-31932
-74664
-56512
17595
-21190
-58166
18061
3323
51910
-98559
87712
20479
-26973
-67079
-7234
-43090
96151
73552
7263
49584
5897
72753
3432
6931
-95867
98666
-12374
39825
-70844
84946
-53918
-2776
-89719
-10429
41908
-83819
-41506
-40031
19504
-89597
88500
-65696
-42029
88616
94315
-22174
-54474
90466
-48623
52789
-32862
57274
25541
70570
91294
-43236
69235
-21081
96589
25480
-36135
-57330
49794
-98765
-40670
-8299
-82584
17824
-21241
-35990
-44684
94349
-74597
-59624
82964
-80282
18202
-71511
37273
-3331
81279
-95590
-46058
-66092
2069
72326
-9328
98393
-48756
-85651
23872
15109
84110
-99246
-56566
-56561
-80455
-39150
-11647
-1696
-48051
-29242
-7348
-22647
11135
-97295
-2929
56426
-68806
-65657
-46906
39562
65843
-65874
560
95001
-93549
18321
93393
84785
32671
-55647
-73017
-56131
72198
-29583
-12692
91743
-41644
2750
-9954
10306
598
9788
87659
38822
-60418
-88182
-4753
-29224
73251
-24569
37428
39093
-63354
65077
-38818
70187
-16603
81664
54971
43157
-73984
81954
87026
98214
-47630
-98577
17045
10727
-68738
34181
48122
31860
-56032
35780
-29319
-89361
47598
-6982
-91496
-52063
-4462
45932
14119
-40727
11008
75301
-70541
21495
56964
11519
-35349
10069
-6527
78767
-64628
-27068
80190
52417
10748
-88549
-13403
-41131
-29599
-42346
21738
-31829
-31707
96425
61189
-23202
-55639
83816
49819
58480
-56912
87917
33780
99637
9411
-9257
-61755
74062
27902
-41193
-20083
63274
31739
-39894
15690
69577
98648
-97713
55535
-30952
87031
-22727
37219
-44676
-26303
-74503
-40789
-54852
36402
-90971
-96373
6580
96946
-35503
6216
-66555
55240
-28450
34597
-89770
30357
-85487
73504
89186
-25380
-10806
58762
-99644
-81430
14296
-30596
32690
18658
33712
15103
19445
-13702
74314
64593
-77300
10433
-4691
29280
-65533
59806
62585
-32087
-57865
-65865
-97491
-47635
64492
-82978
-74131
53677
-81269
-57848
-60473
-80913
87812
-19087
-11509
20501
99571
49293
-64396
-53896
-64410
37007
-89304
85380
74529
-66905
-58252
-91004
92901
-95667
-23091
-64965
65558
-93493
-85510
-42862
-76471
-59641
37905
-57739
-90400
4521
88438
24501
85434
-95982
-54999
12094
53311
-92306
58198
15990
-28209
-4016
1370
-53681
29079
43118
-44685
-50932
-25460
-40687
-88807
67187
92910
-74317
-75675
-83561
93132
-10681
85790
-97269
93840
1316
-45679
79274
5334
-678
-8633
85734
-65894
76654
1724
-67014
-27363
30183
-20695
28805
-26700
-38290
77874
-25070
-51888
89067
-57884
-58978
41839
93531
84551
34970
-17151
-2571
-35210
-23311
98745
19111
-44038
4079
45522
-25582
-10188
79628
-48929
18625
-87387
-49202
-51193
-80992
79603
-50803
-19282
-15435
24127
-44081
-99280
66243
-3059
42559
59774
-91420
-22472
-57378
6009
42318
-53600
4754
88518
-70549
35922
34040
3869
-74267
-59244
-17970
44359
80460
32828
20255
99468
-60481
69452
-92726
24085
-6422
-36807
24805
86911
-12776
-32636
46684
-4196
-28019
16395
28903
41389
-10115
-66344
29906
19336
69578
-36055
-76795
22400
4702
5235
93848
-14839
65152
14103
-88283
-95330
-16446
-81009
-44156
77133
-90727
80650
-8868
-76414
75103
-62185
-53520
-52917
-18701
75383
88472
71184
36128
-54533
-9480
-67206
9412
-59186
55194
41203
-26862
-23869
53453
-61711
17323
65170
70049
-99124
11250
-74107
5098
-52387
33632
96230
-28801
-64177
61134
17679
-90005
-57567
-6939
98468
40706
56278
71024
58315
89072
-19565
99129
44266
48728
-27734
47486
-70731
-62356
-35192
21529
-92307
-34316
-67222
60676
-2128
-92520
-78604
-78810
-21320
-42781
82325
23448
-32786
51847
43599
92771
-80359
-124
63794
77957
-11052
71319
77085
60303
-52865
76441
7788
-23596
-85916
72596
97933
48867
65369
57801
-63369
90330
65281
-41973
-88480
71050
-57665
20934
-5502
9550
-27220
65186
-70591
-7579
92151
20293
97467
-18902
-8389
74552
68490
-34165
-21919
-96634
42239
-80746
3051
40172
68122
-31580
-2028
-95248
85839
90342
89870
97359
61392
-67796
18292
82979
41754
18161
-24747
-1747
37672
-32597
-81455
35138
-24409
-62755
-63222
-55920
3080
14859
-52553
-54682
34114
50498
12579
2235
46007
37640
-65924
-41065
-44929
-76055
-43707
-83538
-43850
1675
26530
24993
46925
-98218
-76755
-15404
96275
68880
-80266
98955
-93876
-43488
-56965
-63707
-1539
-82429
-91299
-67426
-4842
-51631
-38102
68255
13099
-76937
-72811
68170
-52991
-89429
11721
-69752
-60665
-61750
-17670
86261
67122
-67335
97946
-9515
-98456
44769
-10560
34759
28371
32475
-1859
-73169
-22865
6842
86495
-618
-17699
-51608
94726
95400
-28545
-78086
63569
-54447
59576
-24711
-24199
98911
-59372
-14779
12260
-92251
17886
-62705
-1766
19430
82064
87674
81278
-62477
-52763
-20581
-35646
-48539
13350
77938
50844
95651
-73671
45569
18139
-75126
-5427
-18293
-29573
81238
-15915
-26682
7237
24713
58539
46587
32462
-23576
83882
57786
22943
-6966
45459
-68690
30558
19786
-62182
22001
71247
-21743
-61
-50821
-99003
26268
21838
19136
-21769
43500
-99157
48659
24737
-15072
49066
59063
36731
7604
5649
-30808
11117
-83381
-73023
61149
9654
-474
19548
-59789
46401
57366
62212
-55264
-64377
89240
-6084
-63380
15508
42843
-17155
93739
-13658
-89223
-30514
38168
-77205
45641
-75681
59526
80334
29969
-71283
-81461
46588
82785
79689
-43759
-90601
-764
-76459
55800
83692
12843
-99465
46404
2082
-78460
10113
44679
64383
92958
-34493
77814
-96265
34993
-56930
-73470
-92277
-32610
86056
88057
24448
41862
-93404
-28965
-48265
86285
-45634
88224
-87391
-22093
44023
23390
17839
-28352
-30207
-80079
-79723
79906
64600
84661
72864
-69894
-10437
76599
-7811
-40277
30218
-88
27113
-56638
-12032
-48440
12313
-5436
-50316
64049
-92063
4050
-20639
47637
9047
-76616
-28974
-73115
-77879
40820
-53194
-57602
20725
38496
54148
-79323
68602
70801
24365
87880
-69477
-45418
-12209
-15275
-74967
2849
-36626
37347
24502
13058
-71516
-40471
44198
7845
-92835
80334
-41682
-94720
-92782
-92472
-26811
81115
-50073
21004
19610
31164
41681
-84700
1964
-33954
30270
-40424
-52283
45150
44301
99841
-52002
-92326
-35724
-410
-52178
-7240
59119
19109
27694
-6627
-558
86013
-74258
6660
93541
-1068
-85137
70557
47025
-38438
1721
-11295
-23137
30774
-18160
34222
90351
-43353
-20629
-38260
-43513
27370
-30585
20763
54049
-55674
40612
-59744
63435
-31695
33629
-37124
81407
-13540
-3375
2037
85392
11489
99683
-40495
73051
-71508
48211
77003
59267
57140
11224
49617
40876
90596
-88644
24452
-54946
-92140
-54786
99103
79276
12915
66448
42710
8310
76
32675
-83195
13625
-70700
-54069
-983
40789
-54386
58522
-59072
-25894
-66179
-82069
-66628
18051
-43756
10078
-41074
-53161
-51476
83379
-81018
83474
55682
45174
62750
-31403
11621
-67452
3996
38786
65224
20801
-47589
21613
66733
-21483
89491
-87654
64128
-69582
-86459
25039
-51651
74004
-56911
-68317
-88830
2015
-94389
86784
-87518
-75406
70258
-4746
-3143
-39904
-9060
-91522
-80267
94936
-25647
12046
-57175
26764
-66342
-90443
32370
-76852
48993
-3502
-46433
-10376
-78464
-70995
-36373
91715
87778
-25203
-79182
93390
-38419
-66699
-82017
58928
28555
-58071
46113
46584
77497
65846
41519
-48150
-22108
84344
5703
-61361
20991
-61927
-38212
-30017
-38340
-57556
59607
-89715
98539
50323
-98001
86317
-74880
49907
79706
-86210
10297
24778
-193
65941
66707
-54081
12524
-28707
-88236
-45958
23143
-83255
65476
55935
-44615
-13534
21097
-55738
56449
82757
-86205
-56855
20131
-87667
93468
-50781
25739
45677
99127
-67467
-13444
9423
-15600
86363
-24636
78197
59371
14977
-50511
-1775
69020
72632
14970
-38416
-44345
-2556
48050
76753
-31205
-68413
-13402
-17410
-98179
-93271
-77987
95290
83038
-25159
-31945
82164
7375
-18299
-81324
91775
95153
-78871
-2940
54524
36106
46549
79838
-67786
-53731
-78104
-6202
1925
19341
68937
-21323
15225
-99476
-7636
24905
-97655
-73818
-25993
24724
-90780
48848
19869
18473
83312
-98431
-35762
2176
23811
-14633
99236
-94577
48563
45785
85261
7866
92054
-92843
28754
-6022
-46413
-2310
-256
68812
-1786
92109
-6284
-72351
-81710
67723
52373
54600
-56340
-27759
-26927
-73029
-99101
37311
29147
24711
49768
28383
30134
-74581
-98744
-57516
33285
93310
-50359
-37962
-85623
3228
-13182
-58790
-27961
12121
60408
-7155
39770
5788
87657
-7857
-39613
-68684
-8527
-39451
85378
-7627
97861
14524
44173
-25283
69996
-98605
136
71252
-56121
60510
-8349
-6480
-77452
-66883
23837
-63545
-25673
22966
48576
-65265
-84190
-11654
-32388
30556
7578
27999
-11038
99051
15638
-25661
-81488
-59413
15952
-10226
15304
-14052
-8830
-84561
84289
-37862
3038
-96972
-17252
-47325
-63855
-93416
-10870
-62438
29550
-62294
99387
-27551
-46859
-33002
30095
60719
22086
-80944
-13142
-62277
-6605
-67540
-21690
-90654
22234
20703
-77617
40493
-36769
-93328
29721
66270
36790
-87532
-81056
72936
46142
8075
-89503
-24308
-27130
36973
-24770
-46900
-96030
-94676
-86182
26056
-75620
-72235
-9131
-55136
-39775
-3732
-45789
9549
-83029
-96317
77131
-19798
37445
6851
73561
-25765
19319
92506
-52830
-34539
-72331
84757
-31758
-72372
21729
43472
-19272
-47212
-24114
-78365
5933
266
-50600
96802
-27780
-63285
-79841
26431
-26647
-62870
-42797
-49517
-55579
94649
57335
-82018
-31117
-96258
37577
16053
96293
65246
-72102
-35466
92874
49627
35096
-99310
-97586
-89019
-77675
8347
-61664
98815
-67762
10556
-64471
-47603
64076
8882
-83384
-78721
59366
-38963
43017
-56211
-93892
-88101
-52469
-29226
-44959
70914
-63981
-17061
-64553
55982
59655
-2368
-16239
62069
-64298
6086
97505
-25961
4901
56832
11684
-32481
-90772
-97151
76402
-74156
51218
-37144
-86029
-5766
-66266
-79921
-66778
-91646
-9146
-11737
79268
-46038
71202
41805
37034
-42055
-60564
-79206
47103
-24861
-46030
44607
-23733
58871
-71472
15040
-73611
-62244
17889
29880
90691
96196
19825
-95339
-9571
53559
51830
-49260
61914
69773
39003
-31730
-76265
-62707
-89926
-12142
-4762
-50489
-64259
-57660
-48261
-10289
14037
28006
75671
-30346
-56955
-97940
7410
-11976
-40971
-1900
-15781
78855
-70150
1738
32413
81681
52478
-78585
51453
-81430
-10314
2277
-44137
-240
90135
-21809
-23640
52966
-52380
28099
-57324
61657
-43896
45437
-68690
-73761
47497
-34190
-58648
33615
-9001
-47340
12469
20850
54398
71972
-70381
-66035
93387
8161
-47465
-89839
-89562
8398
9922
27662
86589
86282
-19373
-65791
-58530
-49607
22955
-75337
95830
-18645
-49098
-29585
-25746
-80657
-95971
65253
-27996
-56412
-86809
-73599
-84441
69900
-39634
36035
-21939
-60010
46197
-11501
48389
-43882
-83840
-37934
69489
-76123
-3725
-89042
-25730
46320
-64378
97189
54764
-86387
-32397
-70983
-67043
98722
21359
4961
-57691
34551
-41549
-42132
-68461
-54093
20993
9600
-14103
-32811
98099
-65715
23307
41349
-76559
-80116
-7685
19716
-69157
-6326
93125
-33535
-9138
47888
-92833
-14446
3994
-59876
-15725
-74647
-27826
-46326
-13007
30626
-61369
18532
76533
59624
-71868
-37571
-73188
53320
-76196
-22792
-78243
-52755
-2907
14072
-5950
27936
-92255
-85736
21490
-1393
-10759
28657
11250
93236
-4129
95526
-81412
68045
76289
-67330
-74241
-85081
51202
-97709
74544
6423
91811
28445
-40257
42704
-94347
-18500
17038
2746
22662
38177
57771
30407
52441
-20740
56104
-58318
35006
-32647
-65083
-69124
89968
80595
26011
66256
-86736
51770
8265
-8445
-18849
-90103
97979
-99950
38342
84811
42754
43995
93400
86881
-53260
16061
25057
31600
73558
-22502
-89141
29661
-53731
-27045
24103
-18814
-69080
-58840
88870
56931
-92585
-97867
8701
-57231
-79223
16941
-47334
45845
16991
91009
30655
-40256
35003
-48856
-53376
8833
67205
-1230
-59568
-32149
76268
78382
24601
-77464
78426
-51296
-69189
-90655
-83047
-80320
66277
-75632
48903
-97934
-32862
-3230
19007
-53107
-57386
-64003
-62099
73270
-77170
-6
-75587
96544
-91174
18707
-4687
76348
13648
98671
-18182
-61752
48296
-39757
-85959
79108
-30411
-69006
25877
62955
82453
-98131
65021
76680
-1361
-88884
-76428
41253
74203
-38526
-58389
97033
61468
93114
20665
-2617
11821
43067
-99181
-74532
41737
-90273
90806
-9967
-30030
-95153
96230
-33352
-64159
-50805
56692
45383
-48936
-51199
22062
49703
-40083
45635
-81955
-65881
34198
-40344
58241
-77246
79860
-94006
-52774
-8320
49062
-51955
-55763
-82113
-42228
-64958
-64991
-45168
66979
-68762
-51431
-97180
-19566
-94739
-24708
31498
-45938
97355
-91710
-58931
-29922
53425
-97723
-95725
40170
-12392
-72971
20029
-6398
-98656
38798
69753
-50611
83035
87641
-65749
45167
-77351
-83828
12145
80978
91831
-57946
-38589
97092
17347
19998
78244
-58210
-44623
46402
11868
-91199
-24232
16143
-23939
63376
-29739
96090
84068
-28395
34888
-19091
-51917
-54989
-31451
-90577
90178
-81712
52685
-70588
99266
44516
98556
87766
-31304
15902
-65148
-53061
57692
-9770
20430
-30441
-73880
96199
12791
-70730
-13337
10141
-74640
-29270
81746
-12663
51640
56919
32348
47278
66342
-50385
-7345
19027
-93884
-80991
90632
-95329
-93226
-40673
20574
68717
-66644
-94646
86036
53786
-97997
39245
-22927
14794
68516
63737
52025
20965
61556
33770
-91699
13195
-82223
-32262
87563
11209
-55558
-19783
57325
-49442
-773
47956
-44770
-66910
-92718
2893
-98194
-59362
8247
14931
21514
10250
-45824
98587
52134
-77309
62323
4158
43656
23879
65017
-20954
64163
9884
46784
51725
-78908
91227
59032
78417
-58216
85348
26372
-75897
45527
-39257
26996
-25577
1382
62333
89354
-77105
99672
-56471
48571
51805
93310
10894
83052
-35946
61862
-24842
43100
-46887
85042
-83027
31928
-93867
35289
-9041
11639
4162
-96605
65100
28266
48922
-74158
-44739
-76656
27224
-82407
-87302
-22792
-82735
83317
-74221
-3841
76627
-36238
-93700
-59320
52713
-18542
10870
-94175
93589
27843
37753
26811
-36869
55801
-61551
67293
59196
-96452
-4442
-64793
-70610
-22091
-41449
-16296
-77409
98339
60912
-60144
81656
13780
-36895
-14629
77542
-30595
26051
30254
-22048
64010
-36831
-28460
-8148
-99079
98351
-17928
-16188
63889
76455
-56993
67437
99102
-21786
23916
-22990
-36145
-92381
-398
-37807
-4379
-33453
70938
-90600
-43259
-43692
14032
26146
9449
71375
-95903
-26542
-65457
-97274
-7600
62555
-98924
1561
-53634
64965
-21985
-83538
-40510
-22883
-5323
83407
-18784
-14379
18115
7907
47814
-86265
74455
-54159
50226
-68805
2149
91347
-15569
-88403
62721
-84383
-87855
24354
-81656
4545
-13092
46510
-93895
-39637
-61436
-88790
-23175
-1946
-11673
-1409
-91451
69543
84212
26665
-22550
-40885
-32511
78994
4956
44804
37278
-92896
36150
48798
45792
-74040
64416
57937
50314
9849
89571
64311
83448
22765
-75327
-77989
33975
-71413
-52845
49391
27179
-44296
-53977
11390
9458
23473
70505
76948
-70445
-97451
21751
66833
-90346
-42099
15631
-17465
-89050
-92865
67561
61264
16984
-15780
-47337
431
-93016
-95575
-50468
-31951
-66988
-3313
44529
60191
52391
90552
98671
-38151
-58887
69175
65886
-29332
-1186
-12364
64591
-64443
-27374
-19779
18092
-16424
-85555
-87259
71929
31429
-3039
51681
58949
-68966
56106
-91520
-73828
89119
-67744
70702
-23602
11737
61253
-24932
73586
-97634
71333
-33440
-99877
-29854
54196
64714
5703
53912
-55066
-76206
64577
86469
-63465
36506
17897
-39415
-11814
-96065
-8381
71382
39505
17792
60500
71762
-84418
-63103
-16502
76835
-60945
84173
6290
-89613
-49268
6414
-19467
32017
98217
13325
-86983
70241
-35792
77595
56709
-72168
-58811
-98305
-11583
-43536
-94370
80036
-72155
-27776
-75084
15434
71075
-59502
-20579
81662
44423
18476
-7077
-49288
-44048
-29256
-15785
36485
-97239
-90479
76899
42868
79762
-58894
-52449
36470
-31062
-11260
38165
57355
45205
-29116
-35521
139
-29802
-83515
-84427
-58728
-43017
-5006
-77066
28495
40559
-57054
6297
96511
13691
90512
-39916
-56459
-99968
-63018
86409
6883
-21912
-66040
-56647
-25885
-50211
8607
58559
22083
79492
-76963
-77778
-50311
66612
64885
-81950
-76405
86968
-59016
52090
27526
-88980
85476
-48875
24711
3077
11209
68252
-69802
48191
-18251
37082
53368
15709
80435
-72518
65499
-10959
86041
-12419
95622
36167
-63108
-54690
2779
-98224
-36639
-46537
15833
-68566
32642
-56642
69544
18118
-5517
-5746
-78806
32781
-37495
-48608
-19029
44255
88474
61428
87053
-4003
15999
-20360
12128
-70872
-5689
7749
-7615
31203
-19851
95164
-39931
-29401
75716
75902
-70878
-64554
46350
98667
-19347
67922
-7080
1847
703
-17485
-19671
8763
53859
95892
-29809
-32000
-81022
86190
47641
31106
42408
-58049
65944
-65208
243
-53908
57045
-12599
16691
32760
90393
-27097
-4705
-36169
-28431
75949
-68248
-8422
-95116
32455
74093
-14787
-58782
-44960
-91806
-61502
23041
-72828
51777
-29319
-14633
-5816
-60279
-48690
28976
-32947
-2597
-13980
-18456
41183
45869
99026
-85915
-58836
-37144
-14346
-82888
-5392
77233
49086
54153
-21586
61389
22460
33455
69583
60958
-43505
23844
12734
-45735
-90790
-93082
-78925
-39480
-37017
-84783
57923
49004
-76150
-894
-78039
-77125
-59720
-36875
-14269
25935
-92674
7429
-69744
56413
-38419
-64241
17801
84041
69214
-85528
-27913
52798
38316
84821
34152
47526
18828
-17684
-91955
81812
-2466
-6942
-42096
-51527
19253
-20135
-28651
59533
42991
57080
-87444
-22594
91598
69902
60908
-46822
-94339
-94203
64308
1964
-79731
-63606
81852
58585
48305
16003
-66801
94222
98320
68335
76033
-77058
-38608
61026
-28585
7734
-59109
-30147
-32734
10971
54023
-93088
88377
45620
76814
49285
25888
9564
55082
-9805
-88472
2441
-46321
93380
88115
29073
-63529
-78686
23294
-65210
16738
-73584
84822
5219
87442
83327
-87048
-71668
-46821
-92693
-33608
-92799
-85781
-45231
-20089
18123
31143
-94202
-72314
-86687
-76918
-60786
15754
-23239
59683
-69042
32923
96155
-47728
-43783
58034
-3901
-90278
42856
-98683
97164
-46729
-85731
52586
-66461
-78424
-81023
-59259
62886
-99165
20652
-18992
31978
-46461
8694
-27619
-23379
-25002
88135
53383
-65320
46182
-86606
-69166
98454
-30389
88869
-78359
-93578
-41187
-77042
-96414
12084
64317
-16739
45623
85894
2238
13453
48779
-69837
61194
56876
62141
-85268
-34431
61611
-8646
40567
-23165
71826
75248
-76984
85220
33171
48560
81921
22039
70201
88343
80852
93160
19018
-79976
57476
-97722
65648
-29542
-68394
-93811
46326
-38231
67384
3201
50999
82116
-4140
12610
-26531
-63574
89445
-54706
38763
-87540
57604
-28066
61020
39524
21062
31221
27866
-70997
-48531
73974
-50973
36034
76252
41764
-93508
34947
47954
-20093
23805
15337
83109
-25196
-75459
-21032
14503
-1989
-57517
-68964
-29606
8336
-56504
55087
7359
31606
-5390
-71580
89916
49566
84513
68474
23539
-66460
4507
-73121
2393
-61912
61827
-49654
17996
-14369
-7228
-71807
-12476
17314
-65750
29116
42414
-23267
60152
39897
12158
30738
-5016
-80484
-37657
89594
75027
79348
-33752
59539
47821
89787
20168
79417
-83334
-77439
44595
78493
99997
89680
91213
-7231
-82128
-21263
37172
79212
-92148
-20415
83034
-4906
46571
-4808
-74169
-58446
14708
-84737
58238
-83177
94611
-75515
76363
-30480
-85728
-76381
76026
58028
-53820
20620
36520
-53823
10299
-45179
-33965
-44740
-39353
-96794
-65529
-31500
-90120
-82495
-9317
56451
-60214
16514
98006
-18417
31777
-16668
-1593
-46524
7817
-98142
-49915
-50822
-74523
-73890
-92795
98748
46731
-29186
-55076
84119
25636
-61952
-60621
86283
-58746
-26150
81872
-48866
-81556
-27446
34674
85320
16157
-40232
-33097
75023
43100
65310
55588
78007
67168
-94328
54274
19734
-68217
-11431
18481
5603
59383
-9506
-10279
-87893
28542
29100
25480
-3115
30040
-65560
-24892
-24427
6995
-90218
-39107
50241
-30450
27796
25264
39740
-79806
-19149
17746
14451
-86387
99109
-65816
-54604
-12323
-20245
-21912
-52940
70249
67809
86257
-1209
-76002
11736
22765
-18873
46177
97874
-16211
80261
-92345
-28229
-42410
-95706
26656
9943
44034
46850
90795
88869
88390
31497
87978
49664
3982
-24346
-70582
82070
-50197
99667
-23033
-63940
-74454
-71946
-25115
48312
9181
48151
-26726
20060
28411
-19071
91831
86002
-87688
18487
-4056
-16564
92426
-86173
-27696
80816
-27587
87371
30479
76395
-36975
-13014
58464
-60083
-86259
-64569
-96934
-60712
-36515
-22048
14689
-244
-73898
87963
-80185
-18397
95981
-88355
94694
35382
-42779
-82274
-81183
-50353
58644
-81789
-69538
-68944
-94419
-11970
-92549
95696
75016
65915
-64387
15846
28435
65769
-17777
19010
-56280
96912
-81235
96913
11963
65670
-94396
-64968
4404
-99703
70415
61626
45113
16321
-88728
3756
34532
68824
34813
40114
-43147
42264
35809
58958
-64733
-1489
-25197
63703
-35720
57027
-17288
-64911
-18973
-71434
59091
20080
94236
64695
55112
-74272
-7919
-47385
87354
-62806
68937
25715
40950
3468
-5462
-97149
-56419
-21520
45115
6480
64527
7472
-95010
66420
-28826
96360
-49465
-19025
-68551
31562
-63370
90540
-48359
57955
-17676
33843
83683
74405
13547
-1874
38688
-17517
-76160
-93273
13041
-54532
-90422
-16289
-48963
54694
90191
-84436
89255
22271
9073
-39572
18630
59608
-31508
50079
-8831
-67789
-32292
-30100
90166
50032
30832
937
-48475
-55622
26152
17303
-46049
-22918
24030
66992
22550
33608
-49298
676
-84610
67983
-56671
-95356
-9747
52402
92162
-91118
12009
87743
-13949
30268
-80047
53759
-99833
37208
-69121
-41912
65235
-17596
-70445
-8614
99707
-16494
68468
23736
77587
-8983
84434
55379
18783
99824
23361
62112
31558
-86387
14514
23719
49585
53612
-61449
-64365
-16121
-41496
89394
-88865
22802
-79728
-30777
-11964
-70234
-1221
79422
56562
9374
47890
-92613
-13039
65996
91821
-57661
-15222
18733
-7211
73980
77380
-66509
-11507
-71812
83076
-57896
-33261
45801
-46927
25243
-37717
-35792
-51956
-17444
33432
-36831
-60589
59300
-57409
95973
-31327
90481
-96641
-17277
-16435
22269
-47849
68344
68092
44940
42323
45471
5520
57905
73659
-11404
27098
-59603
61486
80171
-7270
-76232
71469
-32137
-66587
4900
31033
-27176
91289
73624
95887
87051
-8807
99246
-30226
74758
-51396
-50986
-29810
-83305
21044
39602
62166
-73437
-2494
-37086
-57752
51694
3311
-96267
-41047
23130
-72498
-69579
90994
-39085
-37590
-50885
-39171
-46302
-77262
-43285
67839
-58980
83050
-62388
-84223
-68347
-86285
-86943
75438
34759
52659
-35307
61323
77255
27607
30660
28948
58007
34394
14990
-18863
-11015
45412
99220
-23011
-92179
-51666
37818
88610
-28928
21622
56448
-60819
4672
21149
82048
-36586
34864
95105
-61148
96713
47764
3545
-14876
-47893
-68849
-84217
8144
89158
-22734
-76867
97384
66251
68545
96603
70330
3456
-55064
8147
-7935
-56903
-70231
75602
-17722
-38470
-3250
-35674
24944
58703
86520
63796
55415
34283
94430
-59462
13479
52670
83412
-78378
-31083
-39323
-55244
-33700
54018
40390
-37097
24347
-56155
7839
-67507
-37001
-21974
89352
-61400
60304
-49119
-37561
51719
75826
-78858
38239
-33290
76557
99611
88230
44185
13090
40899
27596
-38199
-90185
15362
-66354
-23884
-30621
1126
-33892
93726
-27940
1036
-73781
35060
79062
42660
749
-33545
93542
63189
-81827
-3544
84331
-16499
-9745
-12024
-16888
-21516
59250
23291
-80617
-13155
85092
56288
29297
45828
59493
98676
-53047
-74400
92402
19013
26637
45710
81162
-67213
-11631
-18089
-758
-91001
-54901
-55495
-67456
56519
28006
22800
71584
-88883
28373
30834
-38503
-25155
44768
73679
-68867
-25936
19506
17715
-27260
-6452
43316
92231
-87440
97042
37940
93723
56918
53398
-97278
-43840
62398
-52179
665
22031
31429
-71330
-55170
-69899
66878
293
-11976
55464
75138
59882
29142
33360
-66055
75737
78165
-66226
-30716
21480
53094
-18155
-54390
-8967
-97344
29617
71521
-94622
85777
33918
80289
-86470
83038
-61194
69291
54958
-31093
-36743
-44750
56932
-81280
57477
16813
-25048
-9163
-22153
-49312
-30999
-61289
19973
17570
18894
28907
-9731
-90073
-41348
-80115
81448
-35970
32752
-57546
71408
46282
-74509
-89787
-57339
80449
-93791
5918
62788
-9770
-48272
20265
34132
26680
38191
39069
77368
34281
4869
-75571
78940
-76238
-19575
96298
60779
39077
43272
42226
30196
-23977
11769
1603
49395
-35650
-61095
92056
71888
72205
-74937
34676
89524
-23209
-45060
23656
-96530
20220
89814
7927
-45500
-5318
32357
60529
18444
-87219
56826
-20777
51859
97
48538
-90857
3210
87397
10747
-47396
78836
-23259
71749
50723
76035
96812
-14602
65559
-26398
-32573
-83697
-95839
14736
-93884
12089
-3675
798
-55555
-43147
46331
84316
-86322
52643
-36737
-59135
-71730
-27593
44075
-84334
10243
96679
94502
86984
-4484
-27687
63019
-7672
57712
-44334
-6981
52228
-28031
-2819
-33036
-21915
-90731
-9622
5972
80804
47232
79392
65119
-12001
32035
-71618
28864
60305
-72122
-27062
3060
38121
96706
-2439
25104
-7778
69874
-84789
84550
-45326
97967
-95343
33992
-30065
1838
28045
-24891
-61804
-81578
8170
46089
65654
-12438
-61703
-46347
-80404
93769
9606
79901
-78354
82545
-89951
59767
6339
7610
-88041
98561
-95428
54261
10199
86337
52227
14857
20328
49252
43784
75462
-75640
9070
93884
32531
-44842
-13373
47182
-6545
-32631
66778
-12777
76975
-26233
8869
-13392
-16184
95725
92948
18515
-92316
91508
23087
61945
-71204
-63488
-58740
-29258
56840
90512
-85475
-40610
41962
-49316
-46726
-98419
5843
-33010
48763
26387
34359
-57371
40700
-61578
16396
-50432
25031
27301
72383
-54933
-54185
80067
-63426
-4009
-30900
92460
32504
10360
-36799
-83568
-72039
-95184
-24177
-2988
-44500
-43814
-74318
61343
23176
74445
-85181
84624
44163
55519
-76955
-39442
32176
-24835
87859
4558
20232
60763
-15376
-16104
-43247
-19187
-96556
89257
18263
-33354
32779
-26687
-28538
-91399
70325
-45949
-35213
96007
-84606
15052
-2460
57303
-73236
-58298
12821
76899
-70651
-55004
-47936
44297
49555
-615
5059
61268
10370
61812
69171
13815
-21842
-12567
7550
-89064
60746
79012
-80463
-41841
60152
-88587
81255
75546
-46446
-21206
-40063
-19682
-52415
72758
-42784
-23066
-82246
-63631
-78770
-5602
-37156
26289
82755
73214
-84811
51925
-12972
-6653
-60643
94578
-68628
27192
678
77999
85351
-39170
16501
66605
63465
70055
72488
-76598
77462
-79928
23249
-65322
-2994
-31908
98137
-54675
62490
-39020
71614
45245
-65806
13893
-2831
-51689
34329
-36384
69979
65702
17897
-29344
-29211
-69663
-41425
87291
24031
49130
-15566
-3481
-379
-38104
-56320
-77131
-76337
40687
-9038
-78201
13101
80541
-90131
-15285
25785
-55937
25697
50044
-80537
-39975
40749
89442
52816
-41355
87188
-76395
-11018
72852
37985
-86987
21981
-77582
-63379
-78399
-15686
-19699
71561
-64934
48077
-37478
-43134
-38822
-56938
-33265
-27018
-4063
-62113
98679
73070
-42650
85793
13818
73882
38609
72463
61069
-10697
88535
-38991
-72713
28637
82991
-50295
-7653
31681
-38891
-263
3241
-3825
74904
-7148
-19870
-63919
-36996
-26046
-63848
58941
11841
61920
-40901
-3719
47712
72917
-29838
-86591
-27532
58320
2712
88092
46418
29999
16728
29408
79705
36164
88179
67903
-64099
-81492
-35923
-89196
11361
-28703
73975
1454
45251
37216
-39606
84182
-865
19493
-19538
73936
-80502
-22287
87346
-8034
63122
-9943
-92853
9539
-79944
-49036
66037
26850
87129
-18696
-5248
50119
-188
-14082
-11988
38262
57215
-38014
-60285
-70445
99202
-72802
-86264
-74575
-26220
-78713
99361
-6722
-73911
86706
12334
16300
-23237
19481
52928
-76092
-2466
18964
50758
-15338
27357
-54491
-65220
-72831
-41484
-50119
65431
-84269
11867
-94854
72376
-61843
59434
86112
-36418
-66786
34488
90033
26492
60577
76738
65915
-23124
80590
-87516
-70197
-95503
10019
-24143
55255
94681
-96787
27853
56551
57472
86370
-93569
22903
29190
-54612
-44862
1565
-89366
-85429
-85235
-25783
-52215
49253
91339
1367
-63082
68076
94371
13794
-24245
-93145
-29314
-19748
16874
-26368
-64493
-61357
-23154
-9551
22283
-65683
-23182
-44196
-15691
33097
1192
39447
-65339
-61085
-18892
76516
-59779
-44018
25768
-68441
57349
62686
99636
51720
-96432
-24610
58575
-98656
-17269
-97463
-25024
-54673
-58820
51822
35777
-9447
13229
39684
46357
97538
99871
74638
-35926
-65469
-86448
45182
38137
-46226
-98837
-36096
-14667
-14398
53680
-87943
64411
57248
-85464
-49926
58592
-75643
-47389
-66432
-30316
-79120
12479
32550
11433
52797
-27766
84879
50335
-27896
-13395
41498
-66276
158
-86232
71861
-18979
42021
62855
-6557
-72378
-56377
-67410
92033
-99130
74216
-57894
-13448
98573
-78194
-52791
-31743
-57313
-13223
27896
-18791
-60426
27219
93178
16998
26412
-20218
-41505
-12774
7029
99353
86176
88050
41373
49030
-91418
68996
92653
-58828
-11883
20613
-84613
-42687
34254
41050
-20881
8552
36396
-51105
95329
-35709
30105
61992
91511
-49629
-93922
17922
30153
91663
-94853
-62818
91015
91324
52321
32388
-32558
60903
1383
87185
-97926
16589
-65114
44552
73902
-3771
-14399
-46979
-95220
-78004
-70995
27198
-13713
59110
-10810
-95114
36570
-77643
22809
-33277
-85980
-44955
-69006
-94966
73458
83315
37422
67990
44218
65894
-17737
-26619
-90428
17149
-82068
83474
-86623
3533
63584
-81843
-47382
92590
-27556
38906
-21212
-11277
43792
-84642
11081
93690
-90830
25101
75825
-59836
-42776
-23629
-76522
21736
-55640
-5215
-12371
26623
68167
-75710
70861
13188
-92236
11327
-83279
71348
-43427
96429
-8974
29018
35334
69815
-82260
-93785
85173
-44090
26994
94343
8100
2818
61596
65325
79190
85074
-12940
50639
-93052
1778
-95649
75115
26069
2301
-11698
-39078
-86372
-67888
-67731
-29799
-71459
23296
99219
-9036
-79801
44049
-75732
32461
27048
51263
-46108
-64852
-45920
-84513
-99528
60359
27650
-85379
-61913
34598
16399
69528
-63199
69557
-28172
25104
-69522
-14544
-15695
89838
-17253
-60065
-59778
-90946
-42011
-39579
53103
-17743
92882
-19849
-66481
73863
-57612
-85311
89350
-57140
2137
16999
84571
-32687
-48403
969
-63160
-11602
97616
-64242
40591
55183
21214
51986
45020
31050
19010
12331
40105
76999
72752
-79704
86346
-7278
-72464
-80136
-33416
-30076
61643
83023
-60127
90870
22
-75557
-41818
-21292
-47498
-4977
-5805
-49883
30781
61876
-94701
79084
13861
-22591
10134
59960
89740
77328
-35952
-10419
97624
-49607
9392
52250
97347
75977
-77827
58990
-13912
89137
49859
86110
-86421
-91960
91907
-33919
-69848
-13898
-56713
-11978
-52023
75677
-32894
-11073
-46915
4329
-51114
69914
-91255
12934
-40506
33458
-9584
68887
-14293
-12237
-28048
-65030
-53248
-14871
-75894
23700
-28761
-62315
31740
90235
-69144
-11018
-23664
-98768
77004
-48598
76909
71199
-32582
57083
-97384
16305
26997
-88639
56328
13580
-28091
-53256
-90445
-15295
34507
-91404
19675
8348
-6274
-29130
-67953
-7946
-64355
-9124
-17712
-33499
79858
58625
-32267
56862
37116
71732
-44851
-95466
28814
-42234
-52072
82900
96217
31345
-3520
95215
5178
6035
-20080
-60316
14632
26684
-24879
-91643
97555
7168
411
-66801
98045
9788
-73211
4991
95502
-78389
-38148
32618
93343
-55909
-35759
-50754
-71054
12169
-67855
52252
-56487
28625
47467
-24219
61750
54476
15465
-23619
-18841
17676
-88173
-21287
-75157
-60673
-60999
49977
49115
-34210
-45032
44617
-12598
-56091
-95677
-92167
-12000
-31436
-42921
16946
7822
-10775
96288
-21576
44939
-29157
54205
6688
-74682
96760
10158
6477
14435
-50926
12280
39278
-11599
51281
-10745
64606
-82929
44223
9222
-68438
15221
-59366
66485
-96779
9198
50654
-52744
44109
-60122
-56457
-77468
11906
-58525
76738
-81406
-33207
73497
-44159
73271
-12069
4916
-87361
54298
93317
63920
70642
-14989
8080
-58047
21322
-33269
57175
61956
-66784
-12515
98243
83870
34741
42351
50837
5374
64884
89832
46849
-31290
-91575
-86358
-57794
91357
14002
-42774
-3728
26641
38613
-83323
-82351
9255
1689
25730
-21703
-76990
19550
-64529
12056
52766
22956
10298
-36276
84787
-47351
41650
-9840
44622
31482
64098
-86669
-33004
4829
82627
-41648
45920
66942
54624
99650
5554
-1609
-82701
41898
-99921
-29882
-79805
50179
89668
82756
-37766
-30477
-67199
-378
-39664
-82413
-20640
-98014
-65164
-76019
33468
98934
64402
27553
-69148
-25883
85906
76772
68148
-32382
76422
-26299
66009
93721
42689
-6823
90928
-10027
-56644
80595
-27272
-67321
77207
5529
32301
-62457
-49795
-88340
66619
-14959
62731
-72825
-88936
-45779
54728
-58084
28338
40633
45777
-3515
35341
22198
-2724
1349
-56993
67054
21616
61024
-42974
64972
-31292
-43157
24740
-54086
-10538
-42959
-89454
39667
95791
77165
51798
58522
-95661
-10049
-87258
59068
-41044
-31830
-73211
-95268
64655
62130
-45980
89020
90569
-75884
56073
12184
85141
40188
-95756
-46152
97032
28984
-238
-13507
86025
-62602
-73841
81816
-85438
5046
-32574
45992
94997
-19832
-67852
-46048
-24573
-41063
-41315
-59918
48157
-60206
56191
-34186
-36090
12264
5087
-50950
79541
9331
2898
76572
-61686
29750
-36936
51429
-5763
-83687
-39667
8799
-51552
-45152
81880
-56555
-37895
-85973
-2603
37533
-99946
-16829
4704
48211
-49946
-39106
41114
13965
247
-53800
63015
-20212
55531
93003
-43641
20934
-50159
-53487
99452
44078
89916
-40216
79966
-61637
14632
61846
-18192
76738
2962
6295
14270
3016
16555
-81027
78316
66610
-93044
19429
-92337
7204
65629
-2233
86992
-51752
-82142
70440
69183
-32301
44042
68634
38866
33957
55508
-54079
72321
-29861
34856
81218
73966
-62183
-85399
-84676
40834
31157
-65703
19149
-75145
68344
65668
59608
-24453
31296
-42626
89628
79545
-24767
-12844
-24184
-29979
-68802
-55551
35977
65155
27046
81898
-35436
97186
-56158
-54218
-1760
-91252
-39617
13565
-23329
18629
-25049
22910
-29427
-56706
-11423
-69820
-54070
46962
-12445
62647
26506
-10123
-50197
29411
59898
-18999
950
-4126
73245
-72005
-95140
-62191
52270
-51298
-89320
-49490
84541
98153
64075
-38789
16782
66115
84121
14444
-90591
-27303
44625
82429
-80341
59269
45076
-26746
-50855
94879
29755
36132
-97032
-69296
-67994
3302
-41301
63956
41111
-89031
39748
-21120
88569
24288
-22967
52643
85499
20904
-54154
69620
-64653
82345
69406
7061
64774
16154
93419
-63062
16498
-57437
-68184
-53748
5785
61874
-95955
37791
-34825
-37256
-71165
33376
-99198
68583
-87745
89371
-7130
-10712
-30898
-21631
37281
14949
75078
72629
-2707
-28428
-20311
89156
14816
-26892
-73907
-68687
-57240
84999
-95346
48545
46872
-91301
-86576
39137
98533
69350
99602
99336
37932
-88144
15795
-69198
-71766
84898
-63740
65515
-73065
38427
-34768
-48683
-90002
-27989
-59527
24814
-27792
93656
-16784
-57943
78655
-85041
90603
-47385
50748
31116
18841
49281
465
18442
-24295
65487
-42612
91500
96289
-87289
3486
59638
5315
-42490
-1936
70548
8828
-64849
-57442
-23610
-12945
-58145
-29955
-2640
-16088
75789
12320
-98397
55494
90157
32720
-25666
39437
60274
92777
42231
25760
77254
33731
-50863
89965
64306
35864
-4721
-78184
61017
92916
-42267
96169
62563
-38788
-89688
-95583
31257
-65239
-11670
-65865
-25830
-10067
89629
-35673
49742
91052
-96237
10016
10917
-26916
62865
-11830
33904
39092
-94777
-1791
-97956
503
-52886
63062
-6582
4847
-13681
83071
66059
-76280
87488
-75595
-41519
-24183
85630
32652
65751
2347
96979
15492
-6602
27831
52597
-95685
-99086
-57449
-80426
34818
8732
-75202
60117
10776
-47610
-92770
-99074
-27103
-60833
-12755
-44033
32315
-61946
-56545
-16191
-3464
19272
96528
-70813
-87889
-1126
53255
-45307
92273
-18915
34379
23677
-90911
4019
43251
-29004
-87250
68049
-68888
-49384
-79562
65433
-48458
-79575
31689
-34123
-23608
91093
3931
19847
-98009
27556
66209
98519
56743
78320
-2607
-62914
60102
-83246
-54739
-5519
40431
-45650
98500
-16319
-47565
38340
78820
-89363
88956
26347
76070
67587
46772
-65153
60553
50254
-74061
91574
-29900
-72070
19129
63398
53539
-97039
41718
-49069
-59953
-71092
-32315
-14692
23389
35205
-33253
-51022
45975
19183
87318
24794
29820
3362
78231
-67022
98038
-47909
-32175
-14320
-97656
-79147
-22747
99535
75874
96382
62932
29412
99343
-68262
7432
66480
-39353
2206
-48213
11125
-62590
18535
60103
83385
64807
-25491
-64732
-5374
4960
-86502
-45307
2998
92679
22518
88678
95024
-29540
93020
94558
-53667
89401
-15422
2834
15833
16317
-89735
-17688
76964
12471
-38812
-11912
-23030
6812
75281
-39645
-28382
-50211
-77288
-6667
54750
63300
48026
84837
55978
97633
603
-21910
-31907
-6378
-27353
-58485
-16978
-15685
-28561
25944
-99369
-91207
-91745
4684
-51646
96534
19861
25324
3345
-4859
12768
74964
-27980
35480
95386
-73231
-1221
-29499
38695
-45243
-31867
-60703
-40064
-36685
32919
32584
-68080
43030
43988
3359
-31026
44619
-60759
-95682
-50698
-12405
-99149
69163
-87081
-68714
91394
25687
33339
-36587
88257
28724
-82729
-12965
99225
55966
-31119
94448
22352
28818
-42238
82360
88491
-83229
25389
32478
-52781
21452
-95815
-13539
25771
-46513
74056
-46289
49739
86975
-87914
-31779
-60249
45425
31634
-71993
-98762
-24006
-57869
-99538
-68041
11013
94910
-18600
66920
79762
-36241
55410
96533
89149
-85024
-56248
-62311
-80839
-42698
-9451
99738
-68643
44261
-23435
-81668
-16564
44787
85173
-71139
-96491
-86821
-69901
-20496
-44690
57651
-61448
-6588
-20350
19953
-39669
86501
83712
42830
10122
-51
57806
-19037
37639
76967
38265
-71813
3793
69623
-463
80359
15044
10063
25145
216
38924
28654
-59516
-3888
35247
-77117
-46238
73800
16296
-39499
-79159
3716
-52999
31642
-53454
57124
-68409
31441
-61914
-3681
-64503
76352
-48405
39290
-26937
-21778
19648
88107
88285
71882
-84589
-45703
-72375
-44105
50409
62872
-21222
31260
-36240
22163
91762
-15399
52969
-61238
-83757
99515
22975
74924
-41956
61062
-28758
-6459
-35498
-50074
-67169
37565
-44763
-20432
25671
70611
-48550
41082
-75093
-20925
24066
2405
69036
29933
-66335
-67204
79186
52516
-55514
32154
18367
-39271
-41243
-58658
-64348
16801
29493
-66017
-89658
93995
-89001
-56827
31559
-33764
22741
84319
-63153
1280
-47511
-38246
7444
76555
-8751
-23520
-66424
24914
-63635
-87239
-95482
-19149
44915
22885
-31330
-96329
64227
-68589
-52438
-6281
-34605
-42096
-12287
-23606
-71834
46361
-30281
-22004
-42232
6566
79277
10257
-4590
-13280
-86100
13748
-9711
-52523
-61339
-46257
87328
-56821
-38316
-40668
66064
30354
-36997
-42620
61765
-62346
51099
54249
-4442
65902
57732
-49187
-60649
54541
28810
-2880
-38894
-64825
34466
-16395
-51016
48367
24442
-33637
22933
63103
20106
-62651
33371
8879
-3319
-73476
66322
-13226
-89007
-44824
24428
62092
-90576
47076
-44918
-5754
97889
-5566
-51214
26698
18643
-63019
-11038
-46892
-52324
37947
28564
72118
-95691
78586
-37690
-48496
-84065
22770
60384
-60295
49294
26705
26479
60287
8970
-49093
-50532
18395
97983
-68361
39730
22960
-46838
88516
76748
71805
52586
-34291
52003
-99739
-96345
-19434
72380
35054
86242
61779
86559
29266
-15452
46942
68971
-66158
-99265
-4550
21218
9706
-26554
-2225
55190
98518
29415
-5081
21477
82577
-89477
-1776
54382
63109
-8977
-66527
-9540
-5322
14039
89929
-70268
-72631
51707
-83710
56635
-63746
-9679
-47305
97186
-81855
-24766
-54507
-45060
48680
43268
-89871
-25714
99772
-67863
22852
82349
69750
48166
-36181
32859
-60812
-2708
50408
33866
38420
40336
-9313
65790
-80869
-65934
-50487
-44615
-48524
2208
79661
-30378
77442
-74847
24562
-46790
-4490
34692
-45415
-4718
-6082
77438
-22370
-36332
25603
-31462
23616
64791
65830
-25977
-74255
-68662
41448
16433
24217
60579
50499
73731
-84037
-98025
-24062
22713
98687
80470
47866
23248
60769
70466
85029
-84646
-34253
-21053
92792
-29534
-30296
18394
39004
93320
-89727
-68078
94432
-63982
90350
35879
-20460
14567
-3543
-69961
-11703
-60491
59104
-8676
62223
-15121
98883
-62823
-91874
59652
-92358
20245
2095
-99522
26281
-5114
-29056
95985
40369
37037
16393
-22269
-3952
10824
13749
-13602
73792
93290
-99036
-29752
50418
-83650
-63154
-63390
7674
26158
21489
-66354
63336
29615
93298
-1933
76949
-4608
-74365
3229
17367
-76332
-787
84825
60706
42695
-37445
83843
-46482
76304
97330
-72691
-3318
98294
-75354
-52901
41733
-38507
-16291
76497
87651
32287
-89858
-21925
-38098
-96561
3232
-61150
-74080
28867
-30831
-29624
-20376
-4529
-44800
67419
-61834
17755
51262
-81227
-78853
48591
73173
17830
-26026
24908
-7982
-84294
86401
2817
92203
1141
-64897
29434
6305
-75906
32873
36626
90035
-14118
92582
-40797
56258
-27794
54674
-88543
-60376
19929
-43699
90886
38703
-22551
-33434
11875
22368
-32371
-63218
-85615
-16665
50273
17202
-97373
78503
-20605
32061
-88104
3489
92024
-24388
-6477
-95006
-31807
-20185
61253
40399
61579
-201
7113
-18493
56101
-74913
-79791
60639
-8347
-40827
-16994
59282
-76955
-75520
69707
407
-31228
-577
-94002
48167
58573
-82106
78745
-22315
-6494
99358
-17320
-11211
-20828
71022
-70813
-59250
97910
-36611
-50653
-18901
-11523
-30444
-58263
7219
-44181
-48168
-33499
-94047
-23687
63297
6360
-27826
89809
12358
47430
48381
-42659
26174
-73934
50848
25531
-64165
-60364
31793
-93144
95913
-368
-95235
86392
48979
-14135
-25132
45625
-45309
82087
-98557
6524
75677
-92604
9926
38973
-59155
82100
28781
53203
29529
-95749
-89457
82792
-69683
-11520
-64588
93242
-44795
67205
27187
78208
-33164
-40959
64599
42905
-28005
66556
-11471
26687
48642
-82939
60300
24319
51547
-29775
90381
19481
79414
-53749
-27317
-63969
-49498
-89685
-81178
-92092
-74115
-45766
-98851
-91821
48528
-44575
13476
42454
14466
-21926
-14642
86462
-55371
976
13148
20361
-54874
-99464
-55321
23762
97851
62149
-56758
77264
-91601
-56986
40384
85991
80419
59206
93899
-93697
40530
22137
41573
-10943
77562
-44952
-68490
-7972
-39788
-56043
-94422
4841
-27978
18726
52291
17148
-53649
24059
-59091
-55799
-13792
-88760
-78536
-5393
-45746
61848
-92313
-65327
-51858
-98415
68066
15761
-49188
9638
-95182
-71627
-8224
63418
-52510
51988
34465
-46932
83918
-93514
-1117
36209
-49276
45234
-39733
-8367
89435
46475
-70037
37988
68172
-15783
-73076
75859
-54021
-97844
4533
41135
17917
-17566
77862
-50176
-62103
-30363
40332
-14613
-78376
-25204
-34455
32632
-91629
-8483
-31160
-40905
-63249
29107
-22182
53275
-97329
7781
-8737
-2068
19087
-54724
-26210
65067
-52568
5412
-66710
-7561
87847
-88849
42263
-74257
-19211
-90317
-61781
-70498
-88432
3764
62134
-80060
95282
58063
-20965
59122
-12830
56853
12396
-83070
91723
30748
14862
10810
3114
15741
-97035
-22365
-78848
-63745
70074
36088
-52594
-60574
-11080
-44716
-50891
27140
-88124
-39322
57993
1099
-19382
-19637
-40838
-13258
-60516
-26579
70685
-21030
-9649
62407
36807
-94788
-99695
-60080
-51958
-96730
17556
96284
-60475
-85282
32372
-85979
-45856
-78709
-30695
3254
-24480
-91730
-8979
-66487
9370
-1272
-59035
68532
85470
-19550
-58048
-16757
-13491
-40608
-54350
50405
91694
-54045
90326
-60265
76316
-65030
-63982
42930
76778
-4521
56951
-69078
16771
53346
-38735
19380
61616
52286
-20018
-29015
-48987
20948
66606
63572
-98603
-91443
-53185
-85005
-32051
-7535
65400
-40358
-34491
-17186
-73534
68914
-55127
-37515
11844
-78349
57964
-31206
-47427
-98177
-77861
13838
-51707
10845
93213
28275
8919
-55775
-50778
-24475
-92204
77709
-88829
-45389
92704
-93790
-25835
-14807
92942
-33236
68007
-80592
-64323
-87120
-91018
47521
-65469
66946
43405
-85807
-4141
-7367
-44880
44152
-96523
-51668
-27574
-60514
-80354
21649
15011
54532
-73554
26182
36233
-80850
32392
37487
4343
25334
-95750
99439
-28169
67018
-87682
-19187
-58373
73939
74848
12121
88132
-29294
-95246
-56749
41947
35321
-81328
-85627
74807
-61682
-36889
-10183
92851
-10443
43089
-43828
-64204
-97431
93659
40139
-45008
97910
39578
26823
-7984
-21015
-92365
33643
-47076
82484
-54236
-58945
80279
77608
-88604
22226
12928
-69932
36599
-85176
-31613
26799
-68270
88327
-83645
74819
-55502
79242
4478
-61844
19380
59470
63155
86047
-13707
-44830
-34968
-78983
15903
-54955
30590
-11244
-13900
10869
-33637
-75415
60184
6380
-45346
-76129
21204
-49870
50670
52935
65546
-5886
-45158
37133
-26645
59320
75289
19825
18790
-34467
5871
32172
-52208
-2008
-19722
63695
43037
37958
79540
56227
75916
-54098
80812
36099
52283
62555
59970
-26514
-87316
10639
53510
5319
31842
-91648
-57549
-94803
-5239
-82260
25022
40640
-89638
57982
99901
-41846
-44026
-19821
48939
99011
-81864
28478
-17674
94052
1470
-36862
-42761
-46248
-74308
-82792
-45673
65467
-45064
34927
-29215
86778
-29632
13237
91975
65129
-41934
-55915
5769
95518
29157
5669
80761
85131
12937
29699
11230
-41838
85267
20646
79303
-13264
83784
-63459
-32423
36565
-46251
-51007
2031
8685
11009
-94
-4537
81377
40232
-85474
46506
25387
85702
-47726
20904
14858
-14968
1664
-72923
97970
58453
-34604
-43869
43719
86042
-64566
57544
69825
-28025
52210
-66521
-47186
28292
-37401
61499
-60699
62505
84051
-79323
-70175
98578
67183
55212
11368
46546
-23885
-73775
-68422
4869
80392
56637
-36679
-54213
39857
-92961
58919
2380
-8328
-44168
1445
-56119
-10689
54259
72173
51911
-57154
-88527
-58496
-73103
59241
-28670
52564
26423
-73459
91021
-99942
-70254
-82755
58726
34615
24726
15362
97936
-2398
82308
32064
-43480
-15312
50825
12353
86133
94706
-98337
-32520
-6033
-19337
10326
-67470
22168
-35688
91771
20587
-83125
-54718
-25783
-92105
72430
3963
52230
31155
65667
-95956
-53484
63602
1647
-71176
-77246
58167
-59399
73579
-29481
-73267
-4627
99273
-5787
89341
-20065
31628
48960
29192
95941
-32181
-50222
39905
-59810
23996
-25110
-87380
55048
-72881
43775
20715
-68836
17381
-15684
-40100
-26706
-65840
-81934
13895
-92262
-11414
-32283
3112
-85053
61930
-80459
-5118
-6443
-4410
51164
-83414
63409
-99059
56492
30688
-47974
-68619
43308
-92926
85590
-85828
27789
43843
31553
39194
-96258
-95154
73354
-78191
-54170
8182
-62516
13547
38383
-47569
-97435
57924
-25598
-3878
-46487
-74435
-60202
44011
53597
96290
-98213
-94378
-72330
45096
39786
40349
59268
-32426
-15808
-82091
33858
-12066
-77245
-65700
-63168
95675
42482
-98595
9221
-19136
-46164
11786
65877
-44672
34997
46479
-92018
74795
-9511
61579
71084
-7723
-5709
25843
64462
-65924
-33808
-49182
1651
-22527
-31273
62598
-7504
-81429
96898
29329
-85755
39380
30734
23466
47333
11660
-64749
13210
66988
70248
-40312
74970
-27868
-22733
-36362
-56785
-3367
57929
-3852
-38906
92005
-10571
11912
-79256
66902
7728
83342
-40603
26299
7329
15815
40544
73798
-53451
91099
21130
-14702
-73651
-65661
79375
23686
-78883
-18567
95818
-1616
45071
66123
95017
2999
89360
83200
-77907
-94123
-77800
69927
72779
29928
-19642
59265
-43774
87687
-97831
23859
61484
-51282
14957
-90298
-38895
-31605
71132
-59521
92081
92249
21912
14988
-82279
-33017
-91801
-87263
-2929
24648
23026
-53747
30525
45226
-83820
3303
-97758
-3462
89657
-41532
-88687
91826
9416
-114
67633
-75628
9588
-71263
-80144
-19281
-30784
39026
-27033
18218
-45987
-9312
12290
89302
-69486
36450
13949
-19371
9793
-55527
-74146
25973
-25135
-71904
49600
-35478
-86347
-11998
83437
23069
87888
-21841
-25470
-2525
6896
-5614
78195
3202
-66588
78251
48509
-85486
96029
-39202
30906
53632
24337
-55146
-65739
-65871
-83583
87205
60102
-8718
-84699
-63210
-17107
56044
24792
93420
-93798
12679
-28422
-92179
-89846
78474
2208
15438
-91236
-37291
-6312
57273
-95688
-10284
45160
35218
-56652
-30503
80073
-95302
3626
96490
91903
90818
-85140
34293
54697
-2246
-9663
-20511
-8827
-3461
19257
62751
-68551
-43500
-31687
33657
71938
-95833
23455
92716
-11471
27768
-90480
-66311
-37015
79958
-69725
-56943
84656
-39010
66636
76559
-48193
81497
-62060
33594
-93661
28277
-86918
-2488
51905
-40572
87352
83355
15929
82754
-55900
-85045
86921
67556
-92330
-24550
-4677
44281
-63772
-14603
24238
93593
-44456
-64017
-45418
-77821
39631
-66521
30765
77571
67073
37104
5848
7244
61705
84842
66672
49056
-4715
-90311
-41101
39386
-75355
-54181
-65970
59405
-51642
29353
3685
-88325
41839
55013
-94733
97383
90996
86940
-80438
-42285
47508
-22584
-64715
14580
-85480
-31778
48913
76225
-46936
15584
-47630
-24562
-47637
11269
-85177
-22992
-15823
-51147
63502
-40375
5295
94277
-28700
-52866
49289
-96343
-55484
-32627
17686
91168
25088
-34807
-31416
-12538
6862
-89807
55685
-44226
13507
35838
-1553
65877
-88725
50810
-95766
53189
54907
-84499
29131
18409
-24874
61516
-60226
-26485
35739
16152
-95739
80255
83525
21947
-1488
-64299
87140
-5815
-49748
-5999
4378
-94064
-23136
-82116
-31137
75312
10851
-92772
-46790
-57826
-12494
-91883
84765
-83364
-46385
-40110
78152
-79522
-39505
13890
36630
-35244
-78766
-52757
86704
-53165
-17056
932
41020
33196
94934
72487
-33778
98887
90371
-37826
74198
-71690
-30598
54498
-29515
56908
-10296
-44751
634
-29592
-57771
-94126
-9114
2724
19765
-72485
67480
-31912
-25242
-18728
14923
-15209
82205
83032
45076
4227
55518
38387
3113
-27023
-99439
-95600
1288
97053
58898
-1138
-18950
75691
-18800
81684
-53902
23429
87558
36984
53242
-65589
-8412
-52189
-70412
-6565
-43828
-28400
5315
-61624
-45369
-49610
42603
-89852
15867
72806
-89785
16428
77206
11503
-59431
-36808
-89636
21619
-61118
-81347
-69609
-87931
-30828
-82051
-23858
-77587
79450
67730
97314
-90962
88254
-46514
-19362
-6432
-8138
-37641
-28953
61555
99597
86914
34360
-90189
-69570
-61346
-51597
-29000
-71065
-41233
19708
-32183
-95490
50100
-20114
-26318
-4862
56028
-76816
-98324
-49154
-79502
-89286
-60901
-26016
-81558
-40244
-7065
-19199
30803
81579
-92514
-55194
-56973
-82702
-24764
-18319
-34299
-26675
10616
-48442
93034
5522
-43932
-29778
12497
-43161
65360
95614
-19977
-5875
73549
521
4840
-87353
1594
-49629
99493
21619
-41739
-42615
3197
-34253
2191
-26686
-89866
4516
-17916
-24164
77842
92701
-45517
-2036
-74689
-62360
68186
37809
-5521
-39366
-39489
74502
54759
-65940
-24977
86688
73797
3706
-62942
73290
-74676
-77592
57764
-44389
-11844
-40046
28925
-1710
64470
-88992
1215
-30600
30798
55698
67364
-16801
93338
-37362
48097
-12184
-49639
-91393
-37682
32210
69757
-35570
18897
43554
-4775
-16955
-56068
-52361
5453
-98305
3250
20698
-38351
59264
46078
53208
-2639
-52708
49698
55249
-97010
17061
-61553
23417
6789
13633
38323
57150
22240
27730
-10641
-8003
92160
35346
62640
-85527
45480
-93429
-37888
-49068
-91734
-7549
-1280
97005
78804
-55203
-22699
-23835
-7911
-73002
58503
-77832
-28851
24039
-27325
77938
-62329
-89003
-37824
-13000
38727
-21375
6086
-42025
-86030
-31275
-27552
59450
-97615
-38350
37471
-89349
54101
63280
34745
32905
-91924
-87954
36159
-72745
66134
-78250
76513
-62718
45789
-50813
-84781
10549
-39816
-95515
97549
26000
-16890
3635
11064
-75831
-551
10602
83619
1835
72252
-51822
-60425
26352
-88542
1410
86346
46624
-59455
-50407
73879
-93322
-28657
-22519
-56039
-82869
26668
86270
27680
13942
90755
-47682
-60059
-26136
-16958
51006
-74878
82491
-38393
35830
-88586
60948
84009
78080
-12701
22556
-93422
-99266
96269
-52877
-49673
-2763
-46199
21671
74718
-75149
38802
1385
-88879
93572
42416
28965
-54111
82358
29919
28931
-39548
55041
-61490
-50852
-9129
77015
37185
-98032
55094
51573
-48387
61672
52307
-52119
35884
29724
45118
89685
-48606
-53076
41626
17285
-24601
-20164
-62055
-82186
-91200
-16166
27261
-34192
39854
14802
-79151
5454
-8961
-61191
-17532
-71777
-59223
64651
79797
-7610
26322
-40808
-32640
89295
88916
39568
6068
-59691
86492
-52307
-15316
88980
27529
22629
-93206
-36581
33553
-38856
29227
-26594
75947
-22835
78860
-33015
15974
-38673
-77702
-16160
-74023
-97906
3319
-20612
88376
-2231
-31318
77292
-62664
1840
44690
50917
49533
-70627
39897
-95849
52003
-26220
-32430
-14445
34924
23886
-13950
10870
-98949
-35090
4945
-55886
-46674
27243
27955
-93607
-43574
58363
-87130
-55199
-43869
-91358
-77908
-6533
10482
66783
71474
-39986
23245
-61541
-35835
-24753
12239
-41176
-12109
-52838
82711
1031
-14878
83762
-6970
17156
-72125
46356
-55602
-17081
-20162
-72087
-58718
-80202
-27286
-2587
-71560
-78104
17970
-33989
88679
-10557
26025
-60988
27902
17280
-58651
67230
3193
29240
41481
-14097
57360
-73398
96754
-49611
-29153
51719
23835
15245
-65363
-96328
43158
-96992
-76530
42962
-72489
79000
64858
45481
-54990
-19375
62013
-1875
19637
-82997
42494
60986
84233
-54314
-82685
25713
-41321
74675
-20595
-44568
52154
50252
34240
-24012
92587
68878
-20340
-37167
-1025
-69780
-94206
26486
36309
70652
99056
81320
78366
61068
-93467
-1997
78071
49027
86078
-10608
21802
30482
-84895
80481
-67754
-78401
63003
84400
-1060
-2758
-39613
-8474
93209
-32864
54360
-7816
-75555
-12757
45759
60755
-42105
44815
42074
-63740
5882
48607
-38648
-88958
-75278
74520
434
46524
5001
-57372
-45906
37247
-35773
-82904
21646
-9743
14338
9122
81783
7547
76259
-36769
26820
-99297
50475
-27422
61458
35459
-82608
-69380
-1192
-49636
6316
60161
-38594
31038
-38231
-11071
-95349
66770
31558
-41255
4017
22874
-97070
52752
-86870
17268
-38126
22003
51904
65222
85234
-21277
65925
35708
-21609
27383
98256
-77128
-14908
-2936
-26764
91409
84314
-38269
-50465
-53918
50661
81276
-87149
-17782
-59980
-56043
-94909
-57050
23799
45312
-12692
12762
-32686
66301
-22017
-47453
72114
-56093
15345
-49496
-1621
13600
-26624
83472
37753
-26298
74880
22066
35433
51504
-4763
-13907
32780
-64822
-4600
-111
-20865
-72419
-30071
30023
72893
57237
-57216
-59794
-49374
20767
-80158
-77261
64675
-37724
-26757
90143
2966
-26291
73614
-59282
47411
-24418
-10126
-90068
-72914
85111
-76885
-13045
47378
-54396
86844
53603
-26815
-43228
-16375
73167
41098
26410
40462
91725
